[{"id": 0, "img_name": "frame_0001.png", "width": 1242, "height": 700, "position": [-5.069214630361044, 0.21349118203222062, -3.96242576094435], "rotation": [[0.8495766498858619, -0.07200071608460872, 0.5225279062901991], [0.05236828172412536, 0.9972589528445973, 0.05226991525303898], [-0.5248591039869445, -0.017043410885172246, 0.8510184740106534]], "fy": 334.0293371844634, "fx": 341.3987374944258}, {"id": 1, "img_name": "frame_0002.png", "width": 1242, "height": 700, "position": [-4.139845420614651, 0.20668331493135278, -3.4464562010469617], "rotation": [[0.8780773892043738, -0.06360018222958426, 0.4742732497077968], [0.048207921617160886, 0.9978429602311718, 0.044558085803204424], [-0.4760841258237709, -0.01626172000299257, 0.8792493739555122]], "fy": 334.0293371844634, "fx": 341.3987374944258}, {"id": 2, "img_name": "frame_0003.png", "width": 1242, "height": 700, "position": [-3.251711782655289, 0.1850638757275314, -2.8324434535606238], "rotation": [[0.9030521992033841, -0.0540805466113066, 0.4261126846177588], [0.04282663469281946, 0.9984353042567499, 0.03595584200959541], [-0.4273904595037412, -0.014221029918873229, 0.9039552850850684]], "fy": 334.0293371844634, "fx": 341.3987374944258}, {"id": 3, "img_name": "frame_0004.png", "width": 1242, "height": 700, "position": [-2.4065824927498403, 0.1477117541022391, -2.172965744813551], "rotation": [[0.9252510942053471, -0.04579908914038083, 0.3765804775950546], [0.038071123324809664, 0.9988842776290616, 0.027942610369374222], [-0.37744006443486516, -0.011517089014980133, 0.9259623936316345]], "fy": 334.0293371844634, "fx": 341.3987374944258}, {"id": 4, "img_name": "frame_0005.png", "width": 1242, "height": 700, "position": [-1.6058391957148586, 0.10622391471395079, -1.5908085413700996], "rotation": [[0.9459676706592316, -0.0377864455264842, 0.3220517824853968], [0.03274192389595315, 0.9992417650393839, 0.021068018904691573], [-0.32260367711348065, -0.009385069815982826, 0.946487605823452]], "fy": 334.0293371844634, "fx": 341.3987374944258}, {"id": 5, "img_name": "frame_0006.png", "width": 1242, "height": 700, "position": [-0.8600682494843876, 0.09908742260364838, -1.2247789274554302], "rotation": [[0.9653710655551644, -0.02888538860254725, 0.2592765707004128], [0.026168610105757398, 0.9995605606148315, 0.013924421298437756], [-0.25956484668386665, -0.0066573259378949375, 0.9657027339597509]], "fy": 334.0293371844634, "fx": 341.3987374944258}, {"id": 6, "img_name": "frame_0007.png", "width": 1242, "height": 700, "position": [-0.13877620325226223, 0.07827943621616466, -0.8039258196118078], "rotation": [[0.9808306968407985, -0.02187872286882947, 0.19362971264871107], [0.020739755182398328, 0.9997536359469741, 0.007907589125575034], [-0.1937550171989558, -0.0037401733159960772, 0.981042814770996]], "fy": 334.0293371844634, "fx": 341.3987374944258}, {"id": 7, "img_name": "frame_0008.png", "width": 1242, "height": 700, "position": [0.5322371304915859, 0.04778355828264665, -0.304948967549224], "rotation": [[0.9917649170369246, -0.014868665100891344, 0.127205629328499], [0.014594781454859977, 0.9998887316385734, 0.003084914340735087], [-0.12723734392475672, -0.0012029714553277832, 0.9918715698973586]], "fy": 334.0293371844634, "fx": 341.3987374944258}, {"id": 8, "img_name": "frame_0009.png", "width": 1242, "height": 700, "position": [1.1142432033991747, 0.008907643741970086, 0.2827950284220017], "rotation": [[0.9980182485431677, -0.008369666679979093, 0.06236605049619571], [0.008306657990020899, 0.9999646932533837, 0.0012695194773544598], [-0.06237447400872257, -0.0007489501536204647, 0.9980525357243487]], "fy": 334.0293371844634, "fx": 341.3987374944258}, {"id": 9, "img_name": "frame_0010.png", "width": 1242, "height": 700, "position": [1.5759024209011643, -0.027622380401582384, 0.9491918750352129], "rotation": [[0.9999960292570345, -0.002345431063508511, 0.0015621854213124704], [0.0023462168285881286, 0.9999971219540611, -0.0005013483696052504], [-0.0015610050472313515, 0.0005050116046045968, 0.9999986541123551]], "fy": 334.0293371844634, "fx": 341.3987374944258}, {"id": 10, "img_name": "frame_0011.png", "width": 1242, "height": 700, "position": [1.9327333032390437, -0.06381084600199048, 1.663806756410258], "rotation": [[0.9983927983527234, 0.0026109692235812593, -0.05661274624262437], [-0.0026846423304993533, 0.9999956456124433, -0.0012253373863329085], [0.056609300410582354, 0.001375352997075892, 0.9983954604820465]], "fy": 334.0293371844634, "fx": 341.3987374944258}, {"id": 11, "img_name": "frame_0012.png", "width": 1242, "height": 700, "position": [2.210419453137205, -0.0990887897961279, 2.401730048321154], "rotation": [[0.993719298339962, 0.007310389565863285, -0.11166250181295861], [-0.007503284869855122, 0.9999709953615967, -0.00130734528682218], [0.11164970587912659, 0.0021369698014923355, 0.9937453278064616]], "fy": 334.0293371844634, "fx": 341.3987374944258}, {"id": 12, "img_name": "frame_0013.png", "width": 1242, "height": 700, "position": [2.4330644191598165, -0.13200404869888868, 3.1510710492357212], "rotation": [[0.9860507656224318, 0.011076409846828271, -0.16607588855797542], [-0.011182939398698775, 0.9999374258556657, 0.0002936657114232449], [0.16606874926313203, 0.001567647297742944, 0.9861129311595751]], "fy": 334.0293371844634, "fx": 341.3987374944258}, {"id": 13, "img_name": "frame_0014.png", "width": 1242, "height": 700, "position": [2.604223803958464, -0.16295253464099052, 3.9277330530339127], "rotation": [[0.9756175516599084, 0.016077782555965373, -0.2188878658153738], [-0.015791548324976062, 0.999870631800321, 0.0030572315461901895], [0.2189087021902646, 0.0004738895548228422, 0.9757452308538659]], "fy": 334.0293371844634, "fx": 341.3987374944258}, {"id": 14, "img_name": "frame_0015.png", "width": 1242, "height": 700, "position": [2.737916848974054, -0.18757901488366438, 4.700067906606654], "rotation": [[0.9626089032196505, 0.020459740080029484, -0.2701212662455866], [-0.01947884647342269, 0.9997903461594971, 0.006311756200752286], [0.2701937711760326, -0.0008141020393916696, 0.9628056207020934]], "fy": 334.0293371844634, "fx": 341.3987374944258}, {"id": 15, "img_name": "frame_0016.png", "width": 1242, "height": 700, "position": [2.810855362906964, -0.22192906863659287, 5.4872670298776205], "rotation": [[0.9476900450628993, 0.026607795402611427, -0.31808112756416784], [-0.02414450212061755, 0.9996401893920845, 0.011684809348247852], [0.3182775856167492, -0.0033936670387909244, 0.9479914881041932]], "fy": 334.0293371844634, "fx": 341.3987374944258}]